base[3300],ratio[0.05],max[2.0],min[0.5]
编号	日期	指数	净值	钱(当期)	份额(当期)	钱(总)	份额(总)	成本(总)	市值	收益率
1	2012-06-01	2373.44	0.7340	1450.00	1975.48	1450.00	1975.48	0.73	1450.00%	
2	2012-06-30	2226.11	0.6750	1500.00	2222.22	2950.00	4197.70	0.70	2833.45%	
3	2012-08-01	2123.36	0.6560	1550.00	2362.80	4500.00	6560.50	0.69	4303.69%	
4	2012-09-03	2059.15	0.6490	1600.00	2465.33	6100.00	9025.84	0.68	5857.77%	
5	2012-09-30	2074.42	0.6330	1600.00	2527.65	7700.00	11553.48	0.67	7313.35%	
6	2012-11-01	2104.43	0.6220	1550.00	2491.96	9250.00	14045.44	0.66	8736.27%	
7	2012-12-03	1959.77	0.5780	1650.00	2854.67	10900.00	16900.11	0.64	9768.27%	
8	2013-01-04	2276.99	0.6510	1500.00	2304.15	12400.00	19204.26	0.65	12501.97%	
9	2013-02-01	2419.02	0.7040	1400.00	1988.64	13800.00	21192.90	0.65	14919.80%	
10	2013-03-01	2359.51	0.7140	1450.00	2030.81	15250.00	23223.71	0.66	16581.73%	
11	2013-04-01	2234.40	0.7080	1500.00	2118.64	16750.00	25342.35	0.66	17942.39%	
12	2013-05-02	2174.12	0.7070	1550.00	2192.36	18300.00	27534.72	0.66	19467.04%	
13	2013-06-03	2299.25	0.7780	1500.00	1928.02	19800.00	29462.74	0.67	22922.01%	
14	2013-06-30	1995.24	0.7070	1650.00	2333.80	21450.00	31796.54	0.67	22480.16%	
15	2013-08-01	2029.07	0.7320	1600.00	2185.79	23050.00	33982.33	0.68	24875.07%	
16	2013-09-02	2098.45	0.7640	1600.00	2094.24	24650.00	36076.58	0.68	27562.50%	
17	2013-10-08	2198.20	0.7930	1550.00	1954.60	26200.00	38031.18	0.69	30158.72%	
18	2013-11-01	2149.56	0.7820	1550.00	1982.10	27750.00	40013.28	0.69	31290.38%	
19	2013-12-02	2207.37	0.7950	1500.00	1886.79	29250.00	41900.07	0.70	33310.55%	
20	2014-01-02	2109.39	0.8450	1550.00	1834.32	30800.00	43734.39	0.70	36955.56%	
21	2014-02-07	2044.50	0.9090	1600.00	1760.18	32400.00	45494.56	0.71	41354.56%	
22	2014-03-03	2075.24	0.9380	1600.00	1705.76	34000.00	47200.32	0.72	44273.90%	
23	2014-04-01	2047.46	0.8780	1600.00	1822.32	35600.00	49022.64	0.73	43041.88%	
24	2014-05-05	2027.35	0.8470	1600.00	1889.02	37200.00	50911.66	0.73	43122.18%	
25	2014-06-03	2038.31	0.8460	1600.00	1891.25	38800.00	52802.92	0.73	44671.27%	
26	2014-07-01	2050.38	0.8640	1600.00	1851.85	40400.00	54654.77	0.74	47221.72%	
27	2014-08-01	2185.30	0.9080	1550.00	1707.05	41950.00	56361.82	0.74	51176.53%	
28	2014-09-01	2235.51	0.9450	1500.00	1587.30	43450.00	57949.12	0.75	54761.92%	
29	2014-10-08	2382.79	1.0190	1450.00	1422.96	44900.00	59372.08	0.76	60500.15%	
30	2014-11-03	2430.03	1.0320	1400.00	1356.59	46300.00	60728.67	0.76	62671.99%	
31	2014-12-01	2680.16	1.1270	1300.00	1153.50	47600.00	61882.18	0.77	69741.21%	
32	2015-01-05	3350.52	1.1760	1000.00	850.34	48600.00	62732.52	0.77	73773.44%	
33	2015-02-02	3128.30	1.2280	1050.00	855.05	49650.00	63587.56	0.78	78085.53%	
34	2015-03-02	3336.28	1.3080	1000.00	764.53	50650.00	64352.09	0.79	84172.53%	
35	2015-04-01	3810.29	1.6140	750.00	464.68	51400.00	64816.77	0.79	104614.27%	
36	2015-05-04	4480.46	1.8000	500.00	277.78	51900.00	65094.55	0.80	117170.19%	
37	2015-06-01	4828.74	2.4690	500.00	202.51	52400.00	65297.06	0.80	161218.46%	
38	2015-07-01	4053.70	1.7470	650.00	372.07	53050.00	65669.13	0.81	114723.97%	
39	2015-08-03	3622.91	1.5310	850.00	555.19	53900.00	66224.32	0.81	101389.44%	
40	2015-09-01	3166.62	1.3490	1050.00	778.35	54950.00	67002.68	0.82	90386.61%	
41	2015-10-08	3143.36	1.4200	1050.00	739.44	56000.00	67742.11	0.83	96193.80%	
42	2015-11-02	3325.08	1.6090	1000.00	621.50	57000.00	68363.62	0.83	109997.06%	
43	2015-12-01	3456.31	1.2920	950.00	735.29	57950.00	69098.91	0.84	89275.80%	
44	2016-01-04	3296.26	1.2940	1000.00	772.80	58950.00	69871.71	0.84	90413.99%	
45	2016-02-01	2688.85	0.9830	1300.00	1322.48	60250.00	71194.19	0.85	69983.89%	
46	2016-03-01	2733.17	0.9950	1250.00	1256.28	61500.00	72450.47	0.85	72088.22%	
47	2016-04-01	3009.53	1.1520	1100.00	954.86	62600.00	73405.33	0.85	84562.94%	
48	2016-05-03	2992.64	1.2300	1150.00	934.96	63750.00	74340.29	0.86	91438.56%	
49	2016-06-01	2913.51	1.2330	1150.00	932.68	64900.00	75272.98	0.86	92811.58%	
50	2016-07-01	2932.48	1.2990	1150.00	885.30	66050.00	76158.27	0.87	98929.60%	
51	2016-08-01	2953.39	1.2640	1150.00	909.81	67200.00	77068.08	0.87	97414.06%	
52	2016-09-01	3063.31	1.3450	1100.00	817.84	68300.00	77885.93	0.88	104756.58%	
53	2016-10-10	3048.14	1.4380	1100.00	764.95	69400.00	78650.88	0.88	113099.96%	
54	2016-11-01	3122.44	1.5030	1050.00	698.60	70450.00	79349.48	0.89	119262.27%	
55	2016-12-01	3273.31	1.5980	1000.00	625.78	71450.00	79975.26	0.89	127800.48%	
56	2016-12-31	3135.92	1.5460	1050.00	679.17	72500.00	80654.44	0.90	124691.76%	
57	2017-02-03	3140.17	1.4920	1050.00	703.75	73550.00	81358.19	0.90	121386.42%	
58	2017-03-01	3246.93	1.5550	1000.00	643.09	74550.00	82001.28	0.91	127511.98%	
59	2017-04-05	3270.31	1.5410	1000.00	648.93	75550.00	82650.21	0.91	127363.97%	
60	2017-05-02	3143.71	1.4150	1050.00	742.05	76600.00	83392.26	0.92	118000.04%	
