base[3300],ratio[0.1],max[2.0],min[0.5]
编号	日期	指数	净值	钱(当期)	份额(当期)	钱(总)	份额(总)	成本(总)	市值	收益率
1	2012-06-01	2373.44	0.7340	1900.00	2588.56	1900.00	2588.56	0.73	1900.00%	
2	2012-06-30	2226.11	0.6750	2000.00	2962.96	3900.00	5551.52	0.70	3747.28%	
3	2012-08-01	2123.36	0.6560	2000.00	3048.78	5900.00	8600.30	0.69	5641.80%	
4	2012-09-03	2059.15	0.6490	2000.00	3081.66	7900.00	11681.96	0.68	7581.59%	
5	2012-09-30	2074.42	0.6330	2000.00	3159.56	9900.00	14841.52	0.67	9394.68%	
6	2012-11-01	2104.43	0.6220	2000.00	3215.43	11900.00	18056.96	0.66	11231.43%	
7	2012-12-03	1959.77	0.5780	2000.00	3460.21	13900.00	21517.16	0.65	12436.92%	
8	2013-01-04	2276.99	0.6510	2000.00	3072.20	15900.00	24589.36	0.65	16007.67%	
9	2013-02-01	2419.02	0.7040	1800.00	2556.82	17700.00	27146.18	0.65	19110.91%	
10	2013-03-01	2359.51	0.7140	1900.00	2661.06	19600.00	29807.24	0.66	21282.37%	
11	2013-04-01	2234.40	0.7080	2000.00	2824.86	21600.00	32632.10	0.66	23103.53%	
12	2013-05-02	2174.12	0.7070	2000.00	2828.85	23600.00	35460.96	0.67	25070.90%	
13	2013-06-03	2299.25	0.7780	2000.00	2570.69	25600.00	38031.65	0.67	29588.62%	
14	2013-06-30	1995.24	0.7070	2000.00	2828.85	27600.00	40860.50	0.68	28888.38%	
15	2013-08-01	2029.07	0.7320	2000.00	2732.24	29600.00	43592.74	0.68	31909.89%	
16	2013-09-02	2098.45	0.7640	2000.00	2617.80	31600.00	46210.54	0.68	35304.86%	
17	2013-10-08	2198.20	0.7930	2000.00	2522.07	33600.00	48732.61	0.69	38644.96%	
18	2013-11-01	2149.56	0.7820	2000.00	2557.54	35600.00	51290.16	0.69	40108.90%	
19	2013-12-02	2207.37	0.7950	2000.00	2515.72	37600.00	53805.88	0.70	42775.68%	
20	2014-01-02	2109.39	0.8450	2000.00	2366.86	39600.00	56172.74	0.70	47465.97%	
21	2014-02-07	2044.50	0.9090	2000.00	2200.22	41600.00	58372.96	0.71	53061.02%	
22	2014-03-03	2075.24	0.9380	2000.00	2132.20	43600.00	60505.16	0.72	56753.84%	
23	2014-04-01	2047.46	0.8780	2000.00	2277.90	45600.00	62783.07	0.73	55123.53%	
24	2014-05-05	2027.35	0.8470	2000.00	2361.28	47600.00	65144.34	0.73	55177.26%	
25	2014-06-03	2038.31	0.8460	2000.00	2364.07	49600.00	67508.41	0.73	57112.11%	
26	2014-07-01	2050.38	0.8640	2000.00	2314.81	51600.00	69823.22	0.74	60327.26%	
27	2014-08-01	2185.30	0.9080	2000.00	2202.64	53600.00	72025.86	0.74	65399.48%	
28	2014-09-01	2235.51	0.9450	2000.00	2116.40	55600.00	74142.27	0.75	70064.44%	
29	2014-10-08	2382.79	1.0190	1900.00	1864.57	57500.00	76006.84	0.76	77450.97%	
30	2014-11-03	2430.03	1.0320	1800.00	1744.19	59300.00	77751.03	0.76	80239.05%	
31	2014-12-01	2680.16	1.1270	1600.00	1419.70	60900.00	79170.72	0.77	89225.40%	
32	2015-01-05	3350.52	1.1760	1000.00	850.34	61900.00	80021.06	0.77	94104.77%	
33	2015-02-02	3128.30	1.2280	1100.00	895.77	63000.00	80916.83	0.78	99365.87%	
34	2015-03-02	3336.28	1.3080	1000.00	764.53	64000.00	81681.36	0.78	106839.21%	
35	2015-04-01	3810.29	1.6140	500.00	309.79	64500.00	81991.15	0.79	132333.71%	
36	2015-05-04	4480.46	1.8000	500.00	277.78	65000.00	82268.92	0.79	148084.06%	
37	2015-06-01	4828.74	2.4690	500.00	202.51	65500.00	82471.43	0.79	203621.98%	
38	2015-07-01	4053.70	1.7470	500.00	286.20	66000.00	82757.64	0.80	144577.59%	
39	2015-08-03	3622.91	1.5310	700.00	457.22	66700.00	83214.86	0.80	127401.95%	
40	2015-09-01	3166.62	1.3490	1100.00	815.42	67800.00	84030.28	0.81	113356.84%	
41	2015-10-08	3143.36	1.4200	1100.00	774.65	68900.00	84804.92	0.81	120422.99%	
42	2015-11-02	3325.08	1.6090	1000.00	621.50	69900.00	85426.43	0.82	137451.12%	
43	2015-12-01	3456.31	1.2920	900.00	696.59	70800.00	86123.02	0.82	111270.95%	
44	2016-01-04	3296.26	1.2940	1000.00	772.80	71800.00	86895.82	0.83	112443.19%	
45	2016-02-01	2688.85	0.9830	1600.00	1627.67	73400.00	88523.49	0.83	87018.59%	
46	2016-03-01	2733.17	0.9950	1500.00	1507.54	74900.00	90031.03	0.83	89580.87%	
47	2016-04-01	3009.53	1.1520	1200.00	1041.67	76100.00	91072.69	0.84	104915.74%	
48	2016-05-03	2992.64	1.2300	1300.00	1056.91	77400.00	92129.60	0.84	113319.42%	
49	2016-06-01	2913.51	1.2330	1300.00	1054.34	78700.00	93183.94	0.84	114895.81%	
50	2016-07-01	2932.48	1.2990	1300.00	1000.77	80000.00	94184.71	0.85	122345.95%	
51	2016-08-01	2953.39	1.2640	1300.00	1028.48	81300.00	95213.19	0.85	120349.48%	
52	2016-09-01	3063.31	1.3450	1200.00	892.19	82500.00	96105.39	0.86	129261.75%	
53	2016-10-10	3048.14	1.4380	1200.00	834.49	83700.00	96939.88	0.86	139399.54%	
54	2016-11-01	3122.44	1.5030	1100.00	731.87	84800.00	97671.75	0.87	146800.64%	
55	2016-12-01	3273.31	1.5980	1000.00	625.78	85800.00	98297.53	0.87	157079.46%	
56	2016-12-31	3135.92	1.5460	1100.00	711.51	86900.00	99009.05	0.88	153067.98%	
57	2017-02-03	3140.17	1.4920	1100.00	737.27	88000.00	99746.31	0.88	148821.49%	
58	2017-03-01	3246.93	1.5550	1000.00	643.09	89000.00	100389.40	0.89	156105.51%	
59	2017-04-05	3270.31	1.5410	1000.00	648.93	90000.00	101038.33	0.89	155700.06%	
60	2017-05-02	3143.71	1.4150	1100.00	777.39	91100.00	101815.71	0.89	144069.23%	
